* Data Structures and Algorithms *
**********************************
* 1. External merge sort on file *
* 2: Construct the primary index *
* 3: Range search to build index *
* 4: Retrieve records from index *
**********************************
*** The buffer size is 60000
Input a new buffer size in [300, 60000]: ### Input is NOT in [300, 60000] ###
Input a new buffer size in [300, 60000]: ### Input is NOT in [300, 60000] ###
Input a new buffer size in [300, 60000]: ### Input is NOT in [300, 60000] ###
Input a new buffer size in [300, 60000]: 
##################################
* 1. External merge sort on file *
##################################

Input the file name: [0]Quit

pairs300.bin does not exist!!!

Input the file name: [0]Quit

The internal sort is completed. Check the initial sorted runs! 

Now there are 1 runs.

The execution time ...
Internal Sort = 2.60 ms
External Sort = 0.50 ms
Total Execution Time = 3.10 ms

@@@@@@@@@@@@@@@@@@@@@@@@@@@@@@@@@@
* 2: Construct the primary index *
@@@@@@@@@@@@@@@@@@@@@@@@@@@@@@@@@@

<Primary index>: (key, offset)
[1] (1.00, 0)
[2] (0.99, 277)
[3] (0.98, 566)
[4] (0.97, 820)
[5] (0.96, 1092)
[6] (0.95, 1367)
[7] (0.94, 1640)
[8] (0.93, 1935)
[9] (0.92, 2223)
[10] (0.91, 2504)
[11] (0.90, 2773)
[12] (0.89, 3040)
[13] (0.88, 3309)
[14] (0.87, 3576)
[15] (0.86, 3837)
[16] (0.85, 4074)
[17] (0.84, 4363)
[18] (0.83, 4615)
[19] (0.82, 4855)
[20] (0.81, 5106)
[21] (0.80, 5391)
[22] (0.79, 5663)
[23] (0.78, 5918)
[24] (0.77, 6170)
[25] (0.76, 6450)
[26] (0.75, 6701)
[27] (0.74, 6992)
[28] (0.73, 7297)
[29] (0.72, 7570)
[30] (0.71, 7843)
[31] (0.70, 8119)
[32] (0.69, 8414)
[33] (0.68, 8676)
[34] (0.67, 8957)
[35] (0.66, 9234)
[36] (0.65, 9485)
[37] (0.64, 9743)
[38] (0.63, 10022)
[39] (0.62, 10276)
[40] (0.61, 10572)
[41] (0.60, 10839)
[42] (0.59, 11108)
[43] (0.58, 11399)
[44] (0.57, 11682)
[45] (0.56, 11928)
[46] (0.55, 12191)
[47] (0.54, 12452)
[48] (0.53, 12744)
[49] (0.52, 13008)
[50] (0.51, 13278)
[51] (0.50, 13551)
[52] (0.49, 13809)
[53] (0.48, 14091)
[54] (0.47, 14395)
[55] (0.46, 14657)
[56] (0.45, 14896)
[57] (0.44, 15147)
[58] (0.43, 15409)
[59] (0.42, 15690)
[60] (0.41, 15960)
[61] (0.40, 16229)
[62] (0.39, 16467)
[63] (0.38, 16743)
[64] (0.37, 17036)
[65] (0.36, 17294)
[66] (0.35, 17550)
[67] (0.34, 17835)
[68] (0.33, 18131)
[69] (0.32, 18409)
[70] (0.31, 18671)
[71] (0.30, 18972)
[72] (0.29, 19245)
[73] (0.28, 19505)
[74] (0.27, 19778)
[75] (0.26, 20047)
[76] (0.25, 20289)
[77] (0.24, 20566)
[78] (0.23, 20851)
[79] (0.22, 21125)
[80] (0.21, 21375)
[81] (0.20, 21676)
[82] (0.19, 21919)
[83] (0.18, 22183)
[84] (0.17, 22427)
[85] (0.16, 22693)
[86] (0.15, 22991)
[87] (0.14, 23248)
[88] (0.13, 23491)
[89] (0.12, 23784)
[90] (0.11, 24067)
[91] (0.10, 24360)
[92] (0.09, 24622)
[93] (0.08, 24897)
[94] (0.07, 25150)
[95] (0.06, 25428)
[96] (0.05, 25686)
[97] (0.04, 25975)
[98] (0.03, 26219)
[99] (0.02, 26452)
[100] (0.01, 26721)

##################################
* 3: Range search to build index *
##################################

Input two values in (0,1] for range search.

Input a floating number in [0.01, 1.00]: 
Input a floating number in [0.01, 1.00]: 
There are 8368 records in total.
There are 349 senders in total.
[   1]   10020107          20
[   2]   10020110          25
[   3]   10020115          13
[   4]   10020117          17
[   5]   10024210          21
[   6]   10027101          18
[   7]   10027102          16
[   8]   10027103          27
[   9]   10027104          31
[  10]   10027105          25
[  11]   10027106          16
[  12]   10027107          25
[  13]   10027108          25
[  14]   10027109          16
[  15]   10027111          31
[  16]   10027112          28
[  17]   10027113          20
[  18]   10027114          21
[  19]   10027116          26
[  20]   10027117          27
[  21]   10027118          21
[  22]   10027119          23
[  23]   10027120          17
[  24]   10027121          21
[  25]   10027122          26
[  26]   10027123          20
[  27]   10027125          30
[  28]   10027126          28
[  29]   10027127          25
[  30]   10027128          29
[  31]   10027129          22
[  32]   10027130          22
[  33]   10027131          26
[  34]   10027132          25
[  35]   10027134          19
[  36]   10027135          25
[  37]   10027137          21
[  38]   10027142          28
[  39]   10027143          25
[  40]   10027144          29
[  41]   10027146          22
[  42]   10027147          26
[  43]   10027148          17
[  44]   10027149          20
[  45]   10027150          13
[  46]   10027151          26
[  47]   10027161          29
[  48]   10027163          32
[  49]   10027164          16
[  50]   10027168          32
[  51]   10027169          25
[  52]   10027170          19
[  53]   10027202          22
[  54]   10027203          19
[  55]   10027204          26
[  56]   10027205          22
[  57]   10027206          15
[  58]   10027207          30
[  59]   10027208          30
[  60]   10027209          26
[  61]   10027210          22
[  62]   10027211          21
[  63]   10027212          40
[  64]   10027213          26
[  65]   10027214          26
[  66]   10027215          24
[  67]   10027216          29
[  68]   10027217          16
[  69]   10027218          23
[  70]   10027219          28
[  71]   10027220          21
[  72]   10027221          21
[  73]   10027223          25
[  74]   10027224          22
[  75]   10027226          29
[  76]   10027227          21
[  77]   10027229          19
[  78]   10027230          24
[  79]   10027232          32
[  80]   10027234          29
[  81]   10027235          23
[  82]   10027236          30
[  83]   10027237          22
[  84]   10027238          20
[  85]   10027239          23
[  86]   10027240          20
[  87]   10027241          22
[  88]   10027243          19
[  89]   10027244          14
[  90]   10027245          27
[  91]   10027246          22
[  92]   10027248          22
[  93]   10027250          23
[  94]   10027261          26
[  95]   10027262          24
[  96]   10027264          17
[  97]   10027265          31
[  98]   10027266          27
[  99]   10027267          20
[ 100]   10027268          30
[ 101]   10027270          25
[ 102]   10120103          25
[ 103]   10120104          22
[ 104]   10120124          25
[ 105]   10124137          23
[ 106]   10124341          38
[ 107]   10127101          24
[ 108]   10127102          24
[ 109]   10127103          25
[ 110]   10127104          20
[ 111]   10127106          21
[ 112]   10127109          16
[ 113]   10127110          21
[ 114]   10127111          13
[ 115]   10127113          25
[ 116]   10127114          22
[ 117]   10127115          28
[ 118]   10127116          30
[ 119]   10127117          15
[ 120]   10127120          26
[ 121]   10127121          28
[ 122]   10127122          28
[ 123]   10127123          22
[ 124]   10127124          22
[ 125]   10127125          25
[ 126]   10127126          24
[ 127]   10127127          17
[ 128]   10127129          29
[ 129]   10127130          21
[ 130]   10127131          23
[ 131]   10127132          17
[ 132]   10127135          22
[ 133]   10127136          25
[ 134]   10127137          27
[ 135]   10127138          34
[ 136]   10127140          22
[ 137]   10127141          26
[ 138]   10127142          23
[ 139]   10127143          22
[ 140]   10127144          23
[ 141]   10127145          14
[ 142]   10127146          28
[ 143]   10127147          15
[ 144]   10127148          33
[ 145]   10127149          21
[ 146]   10127150          30
[ 147]   10127158          29
[ 148]   10127161          21
[ 149]   10127163          20
[ 150]   10127164          25
[ 151]   10127165          14
[ 152]   10127170          21
[ 153]   10127171          32
[ 154]   10127201          26
[ 155]   10127202          17
[ 156]   10127203          29
[ 157]   10127204          21
[ 158]   10127206          24
[ 159]   10127207          16
[ 160]   10127208          32
[ 161]   10127209          24
[ 162]   10127210          21
[ 163]   10127211          23
[ 164]   10127212          20
[ 165]   10127213          23
[ 166]   10127214          18
[ 167]   10127216          24
[ 168]   10127217          22
[ 169]   10127218          24
[ 170]   10127219          22
[ 171]   10127220          33
[ 172]   10127221          24
[ 173]   10127222          18
[ 174]   10127223          23
[ 175]   10127224          27
[ 176]   10127225          24
[ 177]   10127226          26
[ 178]   10127227          23
[ 179]   10127228          14
[ 180]   10127229          41
[ 181]   10127230          31
[ 182]   10127231          25
[ 183]   10127232          29
[ 184]   10127233          23
[ 185]   10127235          24
[ 186]   10127236          21
[ 187]   10127237          28
[ 188]   10127238          20
[ 189]   10127239          23
[ 190]   10127240          24
[ 191]   10127241          20
[ 192]   10127242          32
[ 193]   10127243          27
[ 194]   10127244          21
[ 195]   10127245          34
[ 196]   10127246          20
[ 197]   10127247          36
[ 198]   10127248          26
[ 199]   10127249          19
[ 200]   10127250          25
[ 201]   10127261          26
[ 202]   10127262          19
[ 203]   10127263          15
[ 204]   10127270          26
[ 205]   10220102          25
[ 206]   10220107          32
[ 207]   10220116          23
[ 208]   10220127          19
[ 209]   10220129          25
[ 210]   10220135          16
[ 211]   10224143          25
[ 212]   10227101          26
[ 213]   10227102          28
[ 214]   10227103          29
[ 215]   10227104          20
[ 216]   10227105          31
[ 217]   10227106          29
[ 218]   10227107          27
[ 219]   10227108          22
[ 220]   10227109          22
[ 221]   10227110          23
[ 222]   10227111          20
[ 223]   10227112          31
[ 224]   10227113          24
[ 225]   10227114          20
[ 226]   10227115          27
[ 227]   10227116          15
[ 228]   10227117          26
[ 229]   10227118          28
[ 230]   10227119          15
[ 231]   10227120          17
[ 232]   10227121          21
[ 233]   10227123          24
[ 234]   10227124          26
[ 235]   10227125          29
[ 236]   10227129          25
[ 237]   10227130          20
[ 238]   10227132          24
[ 239]   10227134          28
[ 240]   10227135          23
[ 241]   10227136          33
[ 242]   10227138          25
[ 243]   10227139          26
[ 244]   10227141          17
[ 245]   10227142          32
[ 246]   10227143          22
[ 247]   10227144          31
[ 248]   10227145          28
[ 249]   10227146          27
[ 250]   10227147          31
[ 251]   10227148          33
[ 252]   10227149          31
[ 253]   10227150          15
[ 254]   10227151          22
[ 255]   10227154          24
[ 256]   10227201          23
[ 257]   10227202          29
[ 258]   10227205          20
[ 259]   10227206          35
[ 260]   10227207          32
[ 261]   10227208          22
[ 262]   10227209          19
[ 263]   10227211          20
[ 264]   10227213          28
[ 265]   10227214          30
[ 266]   10227215          25
[ 267]   10227216          23
[ 268]   10227217          25
[ 269]   10227218          20
[ 270]   10227219          32
[ 271]   10227220          21
[ 272]   10227221          19
[ 273]   10227222          25
[ 274]   10227223          20
[ 275]   10227224          21
[ 276]   10227225          23
[ 277]   10227226          28
[ 278]   10227227          20
[ 279]   10227228          23
[ 280]   10227229          36
[ 281]   10227230          18
[ 282]   10227231          14
[ 283]   10227232          20
[ 284]   10227233          16
[ 285]   10227234          26
[ 286]   10227235          25
[ 287]   10227236          30
[ 288]   10227237          22
[ 289]   10227239          26
[ 290]   10227240          17
[ 291]   10227241          29
[ 292]   10227242          31
[ 293]   10227245          25
[ 294]   10227246          22
[ 295]   10227247          16
[ 296]   10227248          17
[ 297]   10227254          26
[ 298]   10227255          28
[ 299]   10314134          27
[ 300]   10320128          32
[ 301]   10320130          28
[ 302]   10320135          25
[ 303]   10320136          25
[ 304]   10320170          13
[ 305]   10327101          23
[ 306]   10327102          15
[ 307]   10327103          20
[ 308]   10327106          29
[ 309]   10327108          22
[ 310]   10327109          28
[ 311]   10327110          17
[ 312]   10327111          28
[ 313]   10327112          21
[ 314]   10327113          20
[ 315]   10327114          24
[ 316]   10327115          18
[ 317]   10327116          26
[ 318]   10327117          29
[ 319]   10327119          18
[ 320]   10327120          21
[ 321]   10327121          27
[ 322]   10327123          19
[ 323]   10327124          29
[ 324]   10327125          24
[ 325]   10327127          25
[ 326]   10327128          27
[ 327]   10327129          25
[ 328]   10327130          21
[ 329]   10327131          22
[ 330]   10327133          37
[ 331]   10327134          31
[ 332]   10327135          21
[ 333]   10327136          24
[ 334]   10327137          23
[ 335]   10327138          17
[ 336]   10327139          15
[ 337]   10327140          34
[ 338]   10327141          21
[ 339]   10327142          22
[ 340]   10327144          17
[ 341]   10327145          24
[ 342]   10327146          31
[ 343]   10327147          15
[ 344]   10327148          31
[ 345]   10327149          30
[ 346]   10327151          30
[ 347]   10327154          32
[ 348]   10327155          23
[ 349]   10327172          32

Input a student ID ([4] Quit): Sender 10327172 has 32 records.
[  1]   10227136        0.50
[  2]   10327115        0.50
[  3]   10227145        0.47
[  4]   10027148        0.46
[  5]   10227206        0.46
[  6]   10227225        0.46
[  7]   10227139        0.45
[  8]   10227218        0.43
[  9]   10327120        0.43
[ 10]   10327136        0.40
[ 11]   10127209        0.38
[ 12]   10127243        0.38
[ 13]   10227209        0.38
[ 14]   10027270        0.36
[ 15]   10227217        0.36
[ 16]   10027230        0.35
[ 17]   10127170        0.34
[ 18]   10127213        0.34
[ 19]   10124341        0.33
[ 20]   10027137        0.32
[ 21]   10027219        0.32
[ 22]   10127149        0.32
[ 23]   10327148        0.32
[ 24]   10127102        0.31
[ 25]   10027107        0.30
[ 26]   10127140        0.30
[ 27]   10227120        0.30
[ 28]   10327144        0.28
[ 29]   10327129        0.27
[ 30]   10327124        0.21
[ 31]   10127211        0.20
[ 32]   10220135        0.20

Input a student ID ([4] Quit): 
[3]Quit or [Any other key]continue?

[0]Quit or [Any other key]continue?
